  (0, 9140)	0.0475411892649
  (0, 9092)	0.0292422166377
  (0, 9089)	0.0200368778662
  (0, 9070)	0.0410286056035
  (0, 8741)	0.259730444686
  (0, 8638)	0.0251489508153
  (0, 8552)	0.0415796550112
  (0, 8535)	0.0509947506853
  (0, 8483)	0.0504927076087
  (0, 8306)	0.0509751958196
  (0, 8256)	0.0361505410873
  (0, 8227)	0.0558433624285
  (0, 8189)	0.0243971685042
  (0, 8174)	0.029456631815
  (0, 8150)	0.0580817941258
  (0, 8084)	0.105420836284
  (0, 8067)	0.0462437206691
  (0, 8022)	0.0235169196172
  (0, 7962)	0.0393562286423
  (0, 7936)	0.0290568329367
  (0, 7893)	0.0853676939344
  (0, 7867)	0.0207401389223
  (0, 7757)	0.026683214238
  (0, 7738)	0.0500214818939
  (0, 7661)	0.0291692058012
  :	:
  (11223, 2966)	0.0890022507255
  (11223, 2774)	0.0192948184025
  (11223, 2650)	0.02839355521
  (11223, 2625)	0.132507269545
  (11223, 2563)	0.0293849319073
  (11223, 2427)	0.0697695876232
  (11223, 2393)	0.020495620161
  (11223, 2168)	0.166237287764
  (11223, 2118)	0.0462993202675
  (11223, 2091)	0.0786247674424
  (11223, 2078)	0.046211836776
  (11223, 1999)	0.505858958092
  (11223, 1934)	0.086679557427
  (11223, 1419)	0.0504961212644
  (11223, 1184)	0.434516913993
  (11223, 1149)	0.0305573488823
  (11223, 1083)	0.120137731335
  (11223, 991)	0.071980928077
  (11223, 912)	0.0783391292402
  (11223, 817)	0.0596768239993
  (11223, 742)	0.0229686337924
  (11223, 566)	0.0547100393393
  (11223, 522)	0.0531661604376
  (11223, 328)	0.0648305394871
  (11223, 193)	0.140473767997